223 115
177 122
151 14
128 2
122 213
85 37
96 53
167 17
22 224
70 204
7 140
197 83
78 157
86 107
65 159
3 87
69 66
238 188
139 222
169 41
119 47
123 93
160 154
8 70
36 165
135 230
170 109
45 82
35 129
197 199
198 38
212 105
90 170
233 184
55 53
178 65
114 145
75 73
147 154
247 28
187 222
134 99
95 125
48 153
97 34
47 210
129 53
124 23
179 11
9 175
157 135
79 123
25 195
11 34
28 106
83 157
44 136
104 48
104 241
65 229
97 160
19 62
71 234
116 182
28 105
45 106
219 182
118 164
180 247
182 50
69 239
139 197
31 83
238 97
123 69
122 120
13 48
59 128
244 62
61 27
48 195
85 186
133 109
52 118
186 222
134 201
13 135
160 213
125 66
98 140
86 208
92 211
25 44
225 1
124 171
32 133
51 28
29 235
239 26
78 160
8 29
159 9
199 146
133 12
100 82
131 167
218 3
81 199
179 34
133 186
145 2
146 155
177 231
102 93
213 87
149 40
88 194
171 248
69 138
25 13
141 236
139 123
225 223
240 81
205 16
181 4
144 159
138 5
197 53
64 55
197 45
6 46
21 155
213 176
76 134
29 209
224 164
51 203
173 232
105 50
206 181
18 122
20 164
9 246
5 180
140 241
1 59
13 166
240 216
187 40
115 88
173 39
116 30
33 232
87 223
213 85
132 141
215 227
20 64
176 222
207 244
40 116
135 27
47 164
85 38
196 208
239 96
141 232
203 92
169 101
43 116
55 40
114 10
64 47
120 139
125 42
47 238
178 104
97 213
94 217
244 235
200 188
46 241
37 5
25 29
243 195
82 220
84 18
105 98
146 72
231 5
110 158
68 208
3 81
234 182
13 202
219 194
64 173
146 245
207 36
96 97
244 8
214 103
175 215
222 205
79 69
172 196
192 161
235 163
128 43
137 31
182 135
164 180
191 210
249 80
63 209
126 94
16 85
56 22
67 150
194 46
100 72
103 118
188 15
228 128
160 30
101 225
89 219
107 228
228 223
125 66
30 241
50 60
107 89
50 226
64 226
103 161
142 106
131 19
40 50
57 164
246 187
241 95
202 47
156 140
234 87
233 242
223 37
128 250
129 175
143 62
250 212
48 248
240 180
240 101
103 196
72 52
128 114
87 146
232 59
146 83
139 157
103 2
206 173
89 69
150 246
108 102
115 197
57 241
1 213
217 207
139 103
167 9
101 23
181 3
108 185
242 155
56 20
128 98
9 51
169 70
26 58
224 28
126 188
51 20
226 112
74 136
162 81
200 165
209 126
122 87
4 239
25 224
230 39
135 69
33 98
163 189
239 191
121 211
52 205
98 218
89 149
83 196
55 203
11 217
43 17
146 81
63 236
100 203
230 179
6 204
151 90
74 122
91 62
225 44
2 11
112 157
8 194
97 216
238 26
42 110
153 91
56 45
213 197
234 161
201 91
250 179
124 183
75 205
48 49
115 127
180 47
30 194
228 247
52 57
27 181
115 97
56 127
177 206
14 107
96 194
123 60
100 207
18 244
6 92
33 115
218 192
37 13
117 201
187 173
127 78
223 220
137 236
6 14
66 135
211 11
243 121
46 172
141 75
194 173
48 104
93 201
114 75
89 21
236 158
228 162
62 24
17 56
126 200
179 170
178 120
187 18
18 49
95 4
145 70
144 64
229 116
238 44
77 22
217 81
51 243
171 87
95 11
185 203
79 75
23 40
142 6
78 59
2 181
221 140
47 117
196 163
184 175
223 60
85 186
174 106
239 173
192 51
4 174
249 166
67 6
109 173
126 115
242 95
169 15
42 137
121 192
98 180
196 27
194 76
35 143
72 123
31 89
185 127
87 211
204 38
49 58
214 142
191 193
73 5
19 16
28 227
69 40
16 110
151 231
88 239
20 210
244 148
56 98
11 17
165 126
22 149
241 90
82 112
240 137
204 74
92 11
198 86
5 11
233 226
242 136
207 94
169 121
214 56
166 220
213 151
86 8
20 105
233 193
98 15
175 243
154 78
215 104
217 82
57 244
28 130
136 29
175 43
136 121
178 198
90 225
36 53
86 101
104 39
167 153
158 126
60 68
205 81
155 245
148 63
190 91
28 51
37 244
115 180
72 228
21 204
140 218
98 46
240 192
201 39
43 229
190 157
150 209
174 197
81 153
216 29
159 56
99 66
35 224
30 233
129 222
61 107
169 61
82 109
168 65
127 229
154 106
46 205
227 25
89 36
